MY_ACCOUNT_ID = 0.0.3833770
MY_PRIVATE_KEY = 302e020100300506032b65700422042058e8a3e31541b9f327016245cd1fc0df1e1823c06aa332a873d41263a65fceb5
MY_PUBLIC_KEY = 302a300506032b6570032100ae39198b43115d16317892423a9eb9639d92ca9e942e5ba81ebb89602636b0c0

ACCOUNT_ID_1 = 0.0.3904668
PUBLIC_KEY_1 = 302a300506032b6570032100a488443276f6a673d4cd04caaa010f42b5734543dceee0a5d2ee5f35d7b25adb
PRIVATE_KEY_1 = 302e020100300506032b657004220420a25d692ef0d132a4343c6de7da55774f6f72841ed10815ce1cae46ff1b390e91

ACCOUNT_ID_2 = 0.0.3904669
PUBLIC_KEY_2 = 302a300506032b6570032100ba90b72062c0dc325deed985d2375b1c2d725ff4d7a6ce7aaa1a57bb567e8fff
PRIVATE_KEY_2 = 302e020100300506032b6570042204208337fd7eb7ad3bf564e5ad619756d9e833837fa323dae127decd6c59e95c0229

ACCOUNT_ID_3 = 0.0.3904670
PUBLIC_KEY_3 = 302a300506032b65700321001ba84ed9ddc6b3c47b7001386cc661527b68e9b7b9c0458b6e365adfd09b096e
PRIVATE_KEY_3 = 302e020100300506032b6570042204208c0d13193e77303750f66bd99ef24c557768304f22b3dcdad0c4303ef1a310fa

ACCOUNT_ID_4 = 0.0.3904671
PUBLIC_KEY_4 = 302a300506032b65700321009417797805ac660ec14c7d3d98d408bacfefcf739aa1dfc077f87928bd7eeb9a
PRIVATE_KEY_4 = 302e020100300506032b6570042204204b6498253ed0ae7fda234bcb734c7535dedf187a731bcc734659dfce3b5a0f54

ACCOUNT_ID_5 = 0.0.3904672
PUBLIC_KEY_5 = 302a300506032b65700321000f88db142ed151e1f63916bbbfc02b76cb4b1d0113e75f8cd64ec0ea176a24c0
PRIVATE_KEY_5 = 302e020100300506032b657004220420f5a85869e41b623f008e62436dd0ca58d4065b19ffb5e34355a6d5fa3805ee6f